time,	force,	displacementA,	displacementB
0.0,	0,	0,	0
1.5,	0,	0.0575,	0.0575
3.0,	0,	0.115,	0.115
4.5,	0,	0.1725,	0.1725
6.0,	0,	0.23,	0.23
7.5,	0,	0.2875,	0.2875
9.0,	0,	0.345,	0.345
10.5,	0,	0.4025,	0.4025
12.0,	0,	0.46,	0.46
13.5,	0,	0.5175,	0.5175
15.0,	0,	0.575,	0.575
16.5,	0,	0.6325,	0.6325
18.0,	0,	0.69,	0.69
19.5,	0,	0.7475,	0.7475
21.0,	0,	0.805,	0.805
22.5,	0,	0.8625,	0.8625
24.0,	0,	0.92,	0.92
25.5,	0,	0.9775,	0.9775
27.0,	0,	1.035,	1.035
28.5,	0,	1.0925,	1.0925
30.0,	0,	1.15,	1.15
31.5,	0,	1.2075,	1.2075
33.0,	0,	1.265,	1.265
34.5,	0,	1.3225,	1.3225
36.0,	0,	1.38,	1.38
37.5,	0,	1.4375,	1.4375
39.0,	0,	1.495,	1.495
40.5,	0,	1.5525,	1.5525
42.0,	0,	1.61,	1.61
43.5,	0,	1.6675,	1.6675
45.0,	0,	1.725,	1.725
46.5,	0,	1.7825,	1.7825
48.0,	0,	1.84,	1.84
49.5,	0,	1.8975,	1.8975
51.0,	0,	1.955,	1.955
52.5,	0,	2.0125,	2.0125
54.0,	0,	2.07,	2.07
55.5,	0,	2.1275,	2.1275
57.0,	0,	2.185,	2.185
58.5,	0,	2.2425,	2.2425
60.0,	0,	2.3,	2.3
61.5,	0,	2.3575,	2.3575
63.0,	0,	2.415,	2.415
64.5,	0,	2.4725,	2.4725
66.0,	0,	2.53,	2.53
67.5,	0,	2.5875,	2.5875
69.0,	0,	2.645,	2.645
70.5,	0,	2.7025,	2.7025
72.0,	0,	2.76,	2.76
73.5,	0,	2.8175,	2.8175
75.0,	0,	2.875,	2.875
76.5,	0,	2.9325,	2.9325
78.0,	0,	2.99,	2.99
79.5,	0,	3.0475,	3.0475
81.0,	0,	3.105,	3.105
82.5,	0,	3.1625,	3.1625
84.0,	0,	3.22,	3.22
85.5,	0,	3.2775,	3.2775
87.0,	0,	3.335,	3.335
88.5,	0,	3.3925,	3.3925
90.0,	0,	3.45,	3.45
91.5,	0,	3.5075,	3.5075
93.0,	0,	3.565,	3.565
94.5,	0,	3.6225,	3.6225
96.0,	0,	3.68,	3.68
97.5,	0,	3.7375,	3.7375
99.0,	0,	3.795,	3.795
100.5,	0,	3.8525,	3.8525
102.0,	0,	3.91,	3.91
103.5,	0,	3.9675,	3.9675
105.0,	0,	4.025,	4.025
106.5,	0,	4.0825,	4.0825
108.0,	0,	4.14,	4.14
109.5,	0,	4.1975,	4.1975
111.0,	0,	4.255,	4.255
112.5,	0,	4.3125,	4.3125
114.0,	0,	4.37,	4.37
115.5,	0,	4.4275,	4.4275
117.0,	0,	4.485,	4.485
118.5,	0,	4.5425,	4.5425
120.0,	0,	4.6,	4.6
121.5,	0,	4.6575,	4.6575
123.0,	0,	4.715,	4.715
124.5,	0,	4.7725,	4.7725
126.0,	0,	4.83,	4.83
127.5,	0,	4.8875,	4.8875
129.0,	0,	4.945,	4.945
130.5,	0,	5.0025,	5.0025
132.0,	0,	5.06,	5.06
133.5,	0,	5.1175,	5.1175
135.0,	0,	5.175,	5.175
136.5,	0,	5.2325,	5.2325
138.0,	0,	5.29,	5.29
139.5,	0,	5.3475,	5.3475
141.0,	0,	5.405,	5.405
142.5,	0,	5.4625,	5.4625
144.0,	0,	5.52,	5.52
145.5,	0,	5.5775,	5.5775
147.0,	0,	5.635,	5.635
148.5,	0,	5.6925,	5.6925
150.0,	0,	5.75,	5.75
156,	0,	5.75,	5.75
162,	0,	5.75,	5.75
168,	0,	5.75,	5.75
174,	0,	5.75,	5.75
180,	0,	5.75,	5.75
186,	0,	5.75,	5.75
192,	0,	5.75,	5.75
198,	0,	5.75,	5.75
204,	0,	5.75,	5.75
210,	0,	5.75,	5.75
558,	0,	5.75,	5.75
906,	0,	5.75,	5.75
1254,	0,	5.75,	5.75
1602,	0,	5.75,	5.75
1950,	0,	5.75,	5.75
