time,	force,	major_diameter
0.0,	0,	0
48.0,	0,	4.0
49.5,	0,	4.125
51.0,	0,	4.25
52.5,	0,	4.375
54.0,	0,	4.5
55.5,	0,	4.625
57.0,	0,	4.75
58.5,	0,	4.875
60.0,	0,	5.0
61.5,	0,	5.125
63.0,	0,	5.25
64.5,	0,	5.375
66.0,	0,	5.5
67.5,	0,	5.625
69.0,	0,	5.75
70.5,	0,	5.875
72.0,	0,	6.0
73.5,	0,	6.125
75.0,	0,	6.25
76.5,	0,	6.375
78.0,	0,	6.5
79.5,	0,	6.625
81.0,	0,	6.75
82.5,	0,	6.875
84.0,	0,	7.0
85.5,	0,	7.125
87.0,	0,	7.25
88.5,	0,	7.375
90.0,	0,	7.5
91.5,	0,	7.625
93.0,	0,	7.75
94.5,	0,	7.875
96.0,	0,	8.0
97.5,	0,	8.125
99.0,	0,	8.25
100.5,	0,	8.375
102.0,	0,	8.5
103.5,	0,	8.625
105.0,	0,	8.75
106.5,	0,	8.875
108.0,	0,	9.0
109.5,	0,	9.125
111.0,	0,	9.25
112.5,	0,	9.375
114.0,	0,	9.5
115.5,	0,	9.625
117.0,	0,	9.75
118.5,	0,	9.875
120.0,	0,	10.0
126,	0,	10
132,	0,	10
138,	0,	10
144,	0,	10
150,	0,	10
156,	0,	10
162,	0,	10
168,	0,	10
174,	0,	10
180,	0,	10
528,	0,	10
876,	0,	10
1224,	0,	10
1572,	0,	10
1920,	0,	10
